accuracy: 0.6151315789473685
f1: 0.7483870967741936
mcc: 0.02929276761379617