accuracy: 0.6837349397590361
f1: 0.09662475181998677
mcc: 0.049465702957825465