accuracy: 0.6348684210526315
f1: 0.7766599597585513
mcc: 0.0