accuracy: 0.6447368421052632
f1: 0.773109243697479
mcc: 0.11671932462722953