accuracy: 0.6892956441149212
f1: 0.002973977695167286
mcc: -0.002117231708045646