accuracy: 0.6897590361445783
f1: 0.010347376201034738
mcc: 0.020003355438924245